	var1	var2	var3	var4	var5	var6	var7	var8	var9	var10	var11	var12	var13	var14	var15	var16	var17	var18	var19	var20	var21	var22	var23	var24	var25	var26	var27	var28	var29	var30	var31	var32	var33
m01	50	172.2	0.05	7.3	0.4	49000	8	86	3.3	8	18	36	0.03	0.2	170.5	4.4	16.4	0.37	7.1	7.37	93	152	39	113	0.65	21.2	3.28	42	5	69	93.4		13.5
m02	54	26	0.05	8.5	0.4	49000	8	77	2.2	10	18	33	0.03	0.2	24.3	4.1	1	0.37	7.6	7.69	38	78	4.5	73	0.65	19.6	2.48	16	4	72	96.5	117	3.9
m03	45	304.5	0.05	8.9	0.4	490	12	70	5.9	15	23	35	0.03	0.2	226.9	3	16	0.37	7.78	7.56	31	84	7	77	0.65	18.5	8.22	26	5	70		81	7.2
m04	46	68.2	0.05	8.5	0.4	3300	5	88	5.7	10	21	39	0.03	0.2	130.5	4.2	13.9	0.37	4.96	7.6	43	236	22	214	0.65	19	1.75	30	6	62	57.7	1	30.7
m05	44	81.8	0.05	9.7	1.76	490	6	7.38	3.3	8	24	34	0.15	0.2	113	2.4	7.8	2.12	7.31	8.2	41	166	38	128	0.65	21.7	1.79	57	5	72	95.5		11.5
m06	46	82.6	0.05	7.6	1.69	490	19	85	8	18	18	29	0.03	0.2	71.9	2.1	4.3	0.37	7.66	7.72	38	96	18	78	0.65	20.3	11.3	17	6	69	97.6	135	
m07	36	374.2	0.05	6.2	1.4	330	7	63	2.6	6	16	26	0.03	0.2	275.2	2.6	15.8	5	7.83	7.73	32	86	14	72	1.72	19.1	1.82	39	4	72		168	3.4
m08	42	85.5	0.05	8	1.22	330	10	85	0.65	4	20	35	0.03	0.2	225.5	3.7	6.8	2.44	5.41	7.77	45	265	16	240	0.65	18.1	3.59	24	5	71	64.2	116	19.8
m09	70	214.4	0.05	18.5	1.72	1700	4	172	3.9	8	46	77	0.15	0.2	131.7	7.3	17.8	2.45	7.32	7.86	86	212	61	151	3.69	24.8	2.04	69	5	70	95.3		14.4
m10	62	310.3	0.05	15.7	1.58	4900	26	122	29	50	35	75	0.03	0.2	127.3	5.5	7.6	5.52	7.78	7.32	61	268	127	141	0.65	22.9	18.4	27	8	57	98.1	155	55.5
m11	45	306	0.05	8.8	2.54	940	7	130	4.8	12	22	36	0.03	0.2	189.6	3.3	10.3	4	8.1	7.78	64	118	13	105	6.85	21.1	2.01	28	5	68		197	7.9
m12	84	37.2	0.05	21.1	1.96	230	5	174	2.6	8	53	77	0.03	0.2	21.4	5.8	1	2.38	5.38	7.81	86	364	24	340	0.65	21	1.04	55	5	67	60.4	126	26.4
m13	41	107.8	0.05	9.7	1.45	7900	8	90	3.6	10	24	50	0.24	0.2	194.4	6.4	28.1	3.98	7.95	7.7	60	198	56	142	7.59	17	2.04	33	5	70	98.8		8.4
m14	50	2114.8	0.05	10.1	1.47	790	15	111	12	18	25	40	0.38	0.2	964.8	4.6	44.9	3.4	8.09	7.58	55	232	75	157	6.09	15.3	10.2	17	7	66	98	185	17.2
m15	43	732.7	0.05	8.7	1.68	1100	11	101	6.5	11	22	39	0.03	0.2	445.4	4.1	59.3	5	7.92	7.39	50	196	43	153	11.99	16.7	8.01	32	6	65		130	9.7
m16	55	213.4	0.47	14.5	1.52	790	8	110	4.2	12	36	55	0.03	0.2	204	4.6	27	4	5.53	7.64	60	422	28	394	0.65	17.2	4.14	24	6	59	58.3	88	30.8
m17	44	286.3	0.05	8.1	1.39	2400	19	104	4.5	11	20	42	0.3	0.2	143.3	5.4	8	2.86	7.43	7.71	45	262	51	211	4.75	20.3	7.37	46	5	66	78.9	83	5.6
m18	61	278.6	0.05	9.8	1.45	170	5	197	5.2	11	17	40	0.26	0.2	150.5	4.7	8.3	2.61	7.9	7.8	39	122	7	115	3.71	18.6	1.11	27	5	74	99.4	183	5.3
m19	45	1440.2	0.05	7.7	1.61	1300	6	80	9	22	19	34	0.03	0.2	586.1	3.4	28.8	4.31	7.72	7.43	40	144	45	99	4.57	19	2.91	33	6	64		195	3.4
m20	52	117	0.39	12.9	1.54	330	6	112	1.6	5	32	50	0.03	0.2	109	4.3	7	3	5.73	7.77	50	312	20	292	0.65	18	2.1	40	5	69	63.2	124	19
m21	50	136.2	0.05	9.7	2.12	13000	22	121	36	210	24	44	0.22	1.84	422.5	4.9	19.5	0.37	3.25	6.92	60	163	48	115	6.7	36.7	4.01	3	10	42	56.2		21
m22	41	0	0.05	8.5	1.63	14000	10	101	12	23	22	45	0.28	0.2	1	3.8	1	2.21	7.59	7.78	50	280	11	269	3.71	20.4	7.18	20	7	64	97.3	147	
m23	38	525.4	0.05	7.6	1.87	33000	10	77	5.1	11	19	32	0.03	0.2	171.4	3.2	11.3	3.67	7.57	7.23	40	108	11	97	4.39	20.5	7.21	22	6	61		145	21.7
m24	45	168.5	0.61	9.3	1.59	3300	21	220	30	58	23	41	0.03	0.2	456.7	4.3	20.4	2	2.2	7.5	67	290	24	266	0.65	29	3.32	4	12	48	30.1	8	41.8
m25	70	221.5	0.24	19.3	11.84	7900	39	120	8.2	21	48	64	0.16	0.2	2089.3	3.9	216.5	7.79	7.47	6.99	130	170	35	135	6.37	26.7	6.68	29	5	52	62.6		13
m26	65	119.2	0.05	15.4	0.4	7900	23	103	14	29	35	70	0.03	0.2	82.8	4.7	5.2	0.37	7.54	7.6	52	124	20	104	0.65	20.4	11.7	18	7	64	94.8	176	5.4
m27	68	203.9	0.05	14.9	1.65	0.09	4	98	5.6	12	37	55	0.03	0.2	563	4.2	43.9	0.37	7.65	7.43	53	110	2	108	7.85	20.4	1.08	22	5	66		169	7.2
m28	96	43.5	0.05	24	0.4	2200	43	344	11	26	60	81	0.03	0.2	1961.1	5	43.3	6	4.08	7.6	167	328	22	306	0.65	23.2	8.5	24	9	50	46.7	94	28.6
m29	55	300.6	0.05	14.5	6.92	70000	28	190	16	44	36	52	0.32	0.2	525.6	3.9	132.3	3.11	3.85	7	147	376	58	318	18.47	19.5	10.9	9	10	51	50.5		11.8
m30	56	332.8	0.05	14.2	7.25	240000	9	204	26	49	37	56	0.31	0.2	708.9	4.5	100.3	7.14	4.36	7.18	102	194	6	188	15.7	18.6	1.81	14	10	51	58.6	134	12
m31	54	37.1	0.05	15.4	5.22	130000	9	300	15	30	39	57	0.03	0.2	47.4	4.4	3.3	17.49	6.81	6.97	100	140	15	125	39.61	19.9	6.5	12	8	45		40	15
m32	60	239	0.51	14.3	5.98	240000	34	205	20	50	36	55	0.03	0.2	464.5	4.6	84.2	4.12	4.02	7.18	106	366	22	344	0.65	18.8	24.2	9	11	45	45	11	18.7
m33	55	342.7	0.05	12.9	3.32	490	9	120	7.8	13	32	50	0.17	0.2	200.8	4.4	18	3.47	7.51	7.6	65	158	46	112	5.7	20	4.2	56	6	70	96.1		11.4
m34	49	568.8	0.05	11.5	3.63	940	10	130	9.4	17	29	45	0.25	0.2	366.4	4.9	29.4	3.21	7.65	7.5	64	58	6	52	5.68	18.4	4.8	45	7	69	96.2	204	8.8
m35	50	246.5	0.05	10.9	3.02	3300	6	126	2.7	9	27	46	0.03	0.2	202.9	4.6	13.3	9.98	7.48	7.34	63	172	16	156	9.99	19.7	4.06	23	4	66		145	6.8
m36	51	127.4	0.67	11	3.85	1700	11	122	2.7	6	28	49	0.03	0.2	133.4	5.1	7.9	3.98	5.01	7.69	60	382	24	358	0.65	18.8	3.53	46	6	62	55.8	121	26.8
m37	60	114.1	0.05	13.7	2.13	2400	4	149	1.6	4	34	69	0.18	0.2	52.9	8.3	4.3	4.44	7.54	7.7	74	220	42	178	4.37	22.1	1.36	61	4	71	98.4		15
m38	65	178.5	0.05	12.7	2.66	33000	6	144	3.8	9	29	67	0.25	0.2	52.8	7.1	4.5	4.77	7.78	7.65	75	158	8	150	4.44	20.5	3.35	55	5	67	97.7	107	6.9
m39	57	496.2	0.05	10.7	2.08	7000	8	116	13	24	27	47	0.03	0.2	189.2	5	12.3	6.62	7.79	7.85	57	146	16	130	6.35	20.7	5.37	20	7	61		171	4.6
m40	70	171.4	0.55	13.3	2.74	790	6	151	3.1	7	33	60	0.03	0.2	69.6	6.4	5	5	5.76	7.67	74	298	18	280	0.65	20	2.17	50	7	61	62.4	127	22